10NS lifetime (Decaprated):

🔟 Top Configurations by Electron Density
----------------------------------------------------------------------------------------------------------------------------------
Rank  Electron Density     Ratio      Efield       Emin         nSide        pSide        %      W          xp         xn         Current   
----------------------------------------------------------------------------------------------------------------------------------
1     1.401e+12            1.0654     526.7123239538237 561.1843710838109 1.0e+15      1.0e+15      0.99   0.005092323807268312 0.0005143761421483144 5.143761421483155e-06 0.0037530599756005804
2     1.391e+12            1.0641     529.6867328274226 563.6528115378619 3.2e+15      1.0e+15      0.99   0.005117930644450009 0.0005169626913585867 1.6347795700237826e-06 0.003705579306218164
3     1.387e+12            1.0637     532.4272903698351 566.346589749838 1.0e+16      1.0e+15      0.99   0.005143409997728095 0.0005195363634068784 5.195363634068909e-07 0.003639318830645169
4     1.386e+12            1.0636     535.0847226663057 569.1026202798479 3.2e+16      1.0e+15      0.99   0.00516876375239362 0.0005220973487266283 1.6510167823113416e-07 0.0034728634889405257
5     1.386e+12            1.0635     537.7070571445219 571.8692045409792 1.0e+17      1.0e+15      0.99   0.005193993747723135 0.000524645833103347 5.246458331033447e-08 0.0030790790524032625
6     1.386e+12            1.0635     540.30968282059 574.6300447326278 3.2e+17      1.0e+15      0.99   0.005219101778535831 0.000527181997831902 1.6670958545867234e-08 0.0024140240650079255
7     1.386e+12            1.0635     542.8976127307089 577.3800913610781 1.0e+18      1.0e+15      0.99   0.005244089596683557 0.000529706019867026 5.297060198670288e-09 0.0017147729726010585
8     1.386e+12            1.0635     545.4725594065203 580.1178667465979 3.2e+18      1.0e+15      0.99   0.00526895891247726 0.0005322180719674001 1.683021319320438e-09 0.0012405011957715316
9     1.386e+12            1.0635     548.0351836873707 582.8430253605062 1.0e+19      1.0e+15      0.99   0.005293711396053094 0.0005347183228336459 5.347183228336426e-10 0.0010086692981801351
10    1.386e+12            1.0635     550.5858094996239 585.5555785801596 3.2e+19      1.0e+15      0.99   0.0053183486786813105 0.0005372069372405365 1.6987974965232543e-10 0.0009182561495439021

🔟 Top Configurations by E/Emin Ratio ≈ 1
----------------------------------------------------------------------------------------------------------------------------------
Rank  Ratio      Δ from 1     Electron Density     Efield       Emin         nSide        pSide        %      W          xp         xn         Current   
----------------------------------------------------------------------------------------------------------------------------------
1     0.9983     1.74e-03     9.455e+11            543.6113461609475 542.6668299664716 1.0e+15      1.0e+15      0.95   0.0048865733504089865 0.0005143761421483144 2.5718807107415773e-05 0.002532045131694034
2     0.9981     1.87e-03     1.269e+12            546.9191782890516 545.8967950852134 1.0e+15      3.2e+15      0.99   0.005284820947664696 0.0001688088002099995 5.338202977439087e-06 0.0033975880059198254
3     0.9968     3.19e-03     1.259e+12            550.0029370283968 548.2476853855143 3.2e+15      3.2e+15      0.99   0.005311131155694381 0.00016964920609976374 1.6964920609976674e-06 0.0033543776144764376
4     0.9964     3.61e-03     1.256e+12            552.8288050128923 550.8336261134523 1.0e+16      3.2e+15      0.99   0.005337311669473641 0.00017048546927002516 5.391223908559204e-07 0.0032943274094775843
5     0.9963     3.74e-03     1.255e+12            555.5637457180043 553.4853356293388 3.2e+16      3.2e+15      0.99   0.005363364388255888 0.00017131765038711354 1.7131765038711378e-07 0.003143630765274042
6     0.9962     3.78e-03     1.255e+12            558.2609509560422 556.1491411322953 1.0e+17      3.2e+15      0.99   0.0053892911653874685 0.00017214580865098587 5.4437284498863526e-08 0.002787172312919573
7     0.9962     3.80e-03     1.254e+12            560.9374516312635 558.8081108690826 3.2e+17      3.2e+15      0.99   0.005415093809846269 0.0001729700018443731 1.7297000184437655e-08 0.002185165690592807
8     0.9962     3.80e-03     1.254e+12            563.5987833947529 561.4569869825896 1.0e+18      3.2e+15      0.99   0.005440774087714665 0.00017379028637982906 5.495731401731934e-09 0.0015522061643978133
9     0.9962     3.80e-03     1.254e+12            566.2468258614468 564.0942187002145 3.2e+18      3.2e+15      0.99   0.005466333723590181 0.00017460671734479056 1.7460671734479317e-09 0.0011228972517778083
10    0.9962     3.80e-03     1.254e+12            568.8822940245448 566.7194305206506 1.0e+19      3.2e+15      0.99   0.00549177440193707 0.0001754193485447491 5.547246870643555e-10 0.0009130440077591408


1Ns lifetime

🔟 Top Configurations by Electron Density
----------------------------------------------------------------------------------------------------------------------------------
Rank  Electron Density     Ratio      Efield       Emin         nSide        pSide        %      W          xp         xn         Current   
----------------------------------------------------------------------------------------------------------------------------------
1     2.660e+10            2.9428     817.6693241356403 2406.26720944239 1.0e+19      1.0e+15      0.35   0.0018715141299177607 0.0005347183228336459 3.475669098418698e-08 1.9359224269537978e-05
2     2.660e+10            2.9428     825.2642154592914 2428.581850683236 1.0e+20      1.0e+15      0.35   0.001888894266573021 0.0005396840761637203 3.507946495064182e-09 1.7027887778858113e-05
3     2.660e+10            2.9428     832.7885680111895 2450.7208433482474 1.0e+21      1.0e+15      0.35   0.0019061159361652242 0.000544604553190064 3.5399295957354165e-10 1.6771909081570763e-05
4     2.660e+10            2.9428     840.2454143586956 2472.6644017558006 1.0e+22      1.0e+15      0.35   0.0019231833958085294 0.0005494809702310085 3.571626306501555e-11 1.674601410801158e-05
5     2.660e+10            2.9428     847.6366507288238 2494.4152090605467 1.0e+23      1.0e+15      0.35   0.0019401007153558355 0.0005543144901016673 3.603044185660838e-12 1.674339131867668e-05
6     2.660e+10            2.9433     809.9903364033574 2384.02139831453 1.0e+18      1.0e+15      0.35   0.0018539710695345908 0.000529706019867026 3.4430891291356687e-07 3.2910207779761246e-05
7     2.652e+10            2.2444     826.2279341479084 1854.368349049491 1.0e+18      1.0e+15      0.25   0.001324265049667565 0.000529706019867026 3.9727951490026956e-07 3.281592856561359e-05
8     2.652e+10            2.2439     834.0498016208618 1871.554233791973 1.0e+19      1.0e+15      0.25   0.0013367958070841148 0.0005347183228336459 4.010387421252344e-08 1.930296396557793e-05
9     2.652e+10            2.2439     841.7957257281741 1888.898314203592 1.0e+20      1.0e+15      0.25   0.0013492101904093007 0.0005396840761637203 4.047630571227903e-09 1.6978335617105277e-05
10    2.652e+10            2.2439     849.470692037187 1906.1163446186388 1.0e+21      1.0e+15      0.25   0.0013615113829751602 0.000544604553190064 4.08453414892548e-10 1.6723098408858003e-05

🔟 Top Configurations by E/Emin Ratio ≈ 1
----------------------------------------------------------------------------------------------------------------------------------
Rank  Ratio      Δ from 1     Electron Density     Efield       Emin         nSide        pSide        %      W          xp         xn         Current   
----------------------------------------------------------------------------------------------------------------------------------
1     0.9485     5.15e-02     1.252e+10            972.6927175199581 922.5752271273761 1.0e+16      1.0e+16      0.15   0.0008212835849798601 5.4752238998657345e-05 4.653940314885874e-05 3.284024438442224e-05
2     1.1026     1.03e-01     8.379e+08            764.5769984177686 842.9864211291604 1.0e+15      1.0e+23      0.05   0.0002906849707984349 5.813699415968697e-12 0.0005523014445170261 2.2437904291904354e-06
3     1.1026     1.03e-01     8.379e+08            757.9100505585337 835.6357834970031 1.0e+15      1.0e+22      0.05   0.00028815025029894936 5.7630050059789883e-11 0.0005474854755680038 2.243785326764378e-06
4     1.1026     1.03e-01     8.379e+08            751.1841315018295 828.2203372773204 1.0e+15      1.0e+21      0.05   0.0002855930227900948 5.711860455801896e-10 0.0005426267433011801 2.243780450816651e-06
5     1.1026     1.03e-01     8.379e+08            744.3993989057963 820.7421296140941 1.0e+15      1.0e+20      0.05   0.0002830125756422695 5.660251512845389e-09 0.000537723893720312 2.243778297423552e-06
6     1.1026     1.03e-01     8.379e+08            737.5716250940608 813.2371125420448 1.0e+15      1.0e+19      0.05   0.0002804072521005603 5.608145042011206e-08 0.0005327737789910645 2.2438151949647734e-06
7     1.1035     1.03e-01     8.380e+08            730.4828666294948 806.0777802991172 1.0e+15      1.0e+18      0.05   0.00027776629231534026 5.555325846306805e-07 0.0005277559553991464 2.244150752800888e-06
8     1.1119     1.12e-01     8.414e+08            722.164849800545 802.9682763777022 1.0e+15      1.0e+17      0.05   0.0002749891357457885 5.499782714915769e-06 0.0005224793579169981 2.253106923612632e-06
9     0.8838     1.16e-01     1.611e+10            1006.0836468538113 889.1839796421168 1.0e+17      1.0e+16      0.15   0.0008292048302537615 5.528032201691744e-05 4.698827371437981e-06 3.579760667646524e-05
10    1.1217     1.22e-01     2.044e+10            741.2910952987537 831.4717404184886 1.0e+23      1.0e+15      0.05   0.00027715724505083367 0.0005543144901016673 5.26598765596584e-12 1.2866713558191355e-05


10 NS
🔟 Top Configurations by Electron Density
----------------------------------------------------------------------------------------------------------------------------------
Rank  Electron Density     Ratio      Efield       Emin         nSide        pSide        %      W          xp         xn         Current   
----------------------------------------------------------------------------------------------------------------------------------
1     1.285e+11            0.7672     619.6893135197465 475.42228052987093 3.2e+16      1.0e+15      0.81   0.004228988524685689 0.0005220973487266283 3.1369318863915776e-06 0.00032199389817220747
2     1.285e+11            0.7666     622.9040344568115 477.52739083233536 1.0e+17      1.0e+15      0.81   0.004249631248137111 0.000524645833103347 9.968270828963586e-07 0.0002855520191052256
3     1.285e+11            0.7664     625.9755100672563 479.767292848268 3.2e+17      1.0e+15      0.81   0.004270174182438407 0.000527181997831902 3.167482123714838e-07 0.0002238924605872509
4     1.285e+11            0.7664     628.991699460532 482.0425424933712 1.0e+18      1.0e+15      0.81   0.004290618760922911 0.000529706019867026 1.0064414377473493e-07 0.0001590434136674001
5     1.285e+11            0.7664     631.9806891959007 484.32164323084066 3.2e+18      1.0e+15      0.81   0.00431096638293594 0.0005322180719674001 3.1977405067087566e-08 0.00011505629748119428
6     1.285e+11            0.7663     634.9515391775514 486.59468974343116 1.0e+19      1.0e+15      0.81   0.004331218414952532 0.0005347183228336459 1.015964813383927e-08 9.355433824026312e-05
7     1.285e+11            0.7663     637.9072603101307 488.85863566041246 3.2e+19      1.0e+15      0.81   0.004351376191648345 0.0005372069372405365 3.227715243394129e-09 8.516873369542812e-05
8     1.285e+11            0.7663     640.8489382728319 491.1126118489599 1.0e+20      1.0e+15      0.81   0.004371441016926134 0.0005396840761637203 1.0253997447110693e-09 8.228756973143764e-05
9     1.285e+11            0.7663     643.7770440859456 493.35643875426473 3.2e+20      1.0e+15      0.81   0.004391414164899997 0.0005421498969012342 3.2574141641233893e-10 8.134973581799854e-05
10    1.285e+11            0.7663     646.6918506042792 495.5901537504448 1.0e+21      1.0e+15      0.81   0.00441129688083952 0.000544604553190064 1.0347486510611206e-10 8.105020186090437e-05

🔟 Top Configurations by E/Emin Ratio ≈ 1
----------------------------------------------------------------------------------------------------------------------------------
Rank  Ratio      Δ from 1     Electron Density     Efield       Emin         nSide        pSide        %      W          xp         xn         Current   
----------------------------------------------------------------------------------------------------------------------------------
1     0.9983     1.74e-03     7.750e+10            543.6113461609475 542.6668299664716 1.0e+15      1.0e+15      0.95   0.0048865733504089865 0.0005143761421483144 2.5718807107415773e-05 0.00020752906995152702
2     0.9981     1.87e-03     4.298e+10            546.9191782890516 545.8967950852134 1.0e+15      3.2e+15      0.99   0.005284820947664696 0.0001688088002099995 5.338202977439087e-06 0.00011508654176385467
3     1.0024     2.43e-03     2.461e+10            554.1328715237926 555.4780542064926 1.0e+15      1.0e+17      1.01   0.005554780542064926 5.499782714915769e-06 -5.499782714915771e-06 6.590565493952068e-05
4     1.0024     2.44e-03     2.459e+10            556.6179176875881 557.9759919286073 1.0e+15      3.2e+17      1.01   0.005583539988208125 1.7481884920165714e-06 -5.528257414067383e-06 6.585491218681105e-05
5     1.0024     2.44e-03     2.459e+10            559.2213238138434 560.5879311508197 1.0e+15      1.0e+18      1.01   0.005610879104769873 5.555325846306805e-07 -5.555325846306885e-06 6.585887178205126e-05
6     1.0024     2.45e-03     2.459e+10            561.8537909246922 563.22752458061 1.0e+15      3.2e+18      1.01   0.005637680593805938 1.765139742273002e-07 -5.581861974065307e-06 6.586101699056428e-05
7     1.0024     2.45e-03     2.459e+10            564.4870506528052 565.8674428839726 1.0e+15      1.0e+19      1.01   0.005664226492431318 5.608145042011206e-08 -5.608145042011108e-06 6.586166801340705e-05
8     1.0024     2.45e-03     2.459e+10            567.1122366010155 568.4991184164735 1.0e+15      3.2e+19      1.01   0.0056906076320366655 1.7817110284725968e-08 -5.634264982214478e-06 6.586178349877635e-05
9     1.0024     2.45e-03     2.459e+10            569.7266460464718 571.119943671251 1.0e+15      1.0e+20      1.01   0.005716854027973843 5.660251512845389e-09 -5.660251512845337e-06 6.586169631443913e-05
10    1.0024     2.45e-03     2.459e+10            572.3295322937236 573.7292024809246 1.0e+15      3.2e+20      1.01   0.005742976341891735 1.7981075038455202e-09 -5.686115189991821e-06 6.586158024839826e-05